NFO 	     NIFTY14AUG7100PE 	 NIFTY14AUG7100PE 	50  	33.60  	1680.00  	0  	00.00  	00.00  	50  	-1680.00  	 MIS 	 32.15 	 -72.50 	 33.60
NFO 	 NIFTY14DEC7500CE 	 NIFTY14DEC7500CE 	0  	00.00  	00.00  	50  	431.00  	21550.00  	-50  	21550.00  	 MIS 	 435.00 	 -200.00 	 431.00
NFO 	 NIFTY14JUL7500CE 	 NIFTY14JUL7500CE 	50  	86.50  	4325.00  	0  	00.00  	00.00  	50  	-4325.00  	 MIS 	 79.75 	 -337.50 	 86.50
NFO 	 NIFTY14JUL7550CE 	 NIFTY14JUL7550CE 	50  	58.15  	2907.50  	0  	00.00  	00.00  	50  	-2907.50  	 MIS 	 58.65 	 25.00 	 58.15
NFO 	 NIFTY14JUL7600CE 	 NIFTY14JUL7600CE 	50  	52.90  	2645.00  	50  	41.85  	2092.50  	0  	-552.50  	 MIS
	 

-1680.00 + 21550.00 -4325.00 -2907.50 -552.50 
12085

~

354474.85 + 11000
365474.85

