AR

NIFTY CE 7500.0000 Dec 24 2014 	0	-50	0	0	0	0	 -50
NIFTY CE 8000.0000 Dec 24 2014 	0	-150	0	0	0	0	 -150
NIFTY CE 8100.0000 Nov 27 2014 	50	0	0	0	0	50	 0
NIFTY CE 8200.0000 Dec 24 2014 	50	0	0	0	0	50	 0
NIFTY CE 8200.0000 Nov 27 2014 	100	0	0	0	0	100	 0
NIFTY PE 8200.0000 Nov 27 2014 	50	0	0	25	0	25	 0
NIFTY CE 8300.0000 Dec 24 2014 	100	0	0	0	0	100	 0
NIFTY CE 8300.0000 Nov 27 2014 	0	-100	0	0	0	0	 -100
NIFTY CE 8350.0000 Nov 27 2014 	25	0	0	0	0	25	 0
NIFTY PE 8350.0000 Nov 27 2014 	25	0	0	0	0	25	 0
NIFTY CE 8400.0000 Dec 24 2014 	25	0	0	0	0	25	 0	

TJ