   NFO  NIFTY15FEB8000PE  NIFTY15FEB8000PE 25  32.45  811.25  0  00.00  00.00  25  -811.25   NRML  40.40  198.75  32.45 
   NFO  NIFTY15FEB8400PE  NIFTY15FEB8400PE 0  00.00  00.00  25  95.65  2391.25  -25  2391.25   NRML  122.00  -658.75  95.65 
   NFO  NIFTY15JAN8100CE  NIFTY15JAN8100CE 25  414.00  10350.00  0  00.00  00.00  25  -10350.00   NRML  403.00  -275.00  414.00 
   NFO  NIFTY15JAN8100PE  NIFTY15JAN8100PE 25  12.30  307.50  0  00.00  00.00  25  -307.50   NRML  19.50  180.00  12.30 
   NFO  NIFTY15JAN8300PE  NIFTY15JAN8300PE 25  27.50  687.50  0  00.00  00.00  25  -687.50   NRML  43.00  387.50  27.50 
   NFO  NIFTY15JAN8450CE  NIFTY15JAN8450CE 0  00.00  00.00  25  87.00  2175.00  -25  2175.00   NRML  117.00  -750.00  87.00 
   NFO  NIFTY15JAN8500CE  NIFTY15JAN8500CE 0  00.00  00.00  25  100.75  2518.75  -25  2518.75   NRML  90.20  263.75  100.75 
   NFO  NIFTY15JAN8600PE  NIFTY15JAN8600PE 0  00.00  00.00  25  117.00  2925.00  -25  2925.00   NRML  154.70  -942.50  117.00 
 
 
